0.23664307594299316
0.2649705410003662
0.2272195816040039
0.22145628929138184
0.17662262916564941
0.16925883293151855
0.2068774700164795
0.21952533721923828
0.17322587966918945
0.2811155319213867
0.17617511749267578
0.26851415634155273
0.12848758697509766
0.1673431396484375
0.2834739685058594
0.2254619598388672
0.22047781944274902
0.1713709831237793
0.21809768676757812
0.22180461883544922
0.3919823169708252
0.28377819061279297
0.22219562530517578
0.2681615352630615
0.17161941528320312
0.31526684761047363
0.21231579780578613
0.20845532417297363
0.16958069801330566
0.22405338287353516
0.16925811767578125
0.1689004898071289
0.21764802932739258
0.17349791526794434
0.21819496154785156
0.38668155670166016
0.3481287956237793
0.17069363594055176
0.27631688117980957
0.3406651020050049
0.22710323333740234
0.5546262264251709
0.4247558116912842
0.15129828453063965
0.18952083587646484
0.1574535369873047
0.17024707794189453
0.1576371192932129
0.1568129062652588
0.22340083122253418
0.17238473892211914
0.18774652481079102
0.19603419303894043
0.24042820930480957
0.15513229370117188
0.251528263092041
0.1726391315460205
0.16368627548217773
0.24453043937683105
0.18771100044250488
0.1907799243927002
0.15862393379211426
0.2096717357635498
0.18584299087524414
0.2469949722290039
0.18630433082580566
0.18749403953552246
0.18703007698059082
0.15558218955993652
0.31072211265563965
0.1548008918762207
0.19751191139221191
0.16118907928466797
0.18744564056396484
0.1579570770263672
0.15532255172729492
0.18630051612854004
0.1559910774230957
0.18799829483032227
0.3706932067871094
0.32424330711364746
0.15524792671203613
0.24500632286071777
0.1999053955078125
0.18949151039123535
0.5513536930084229
0.43407464027404785
0.23421549797058105
0.2190549373626709
0.2244553565979004
0.2179419994354248
0.170928955078125
0.21780848503112793
0.21912574768066406
0.1715865135192871
0.2771573066711426
0.16961193084716797
0.2786743640899658
0.16895127296447754
0.20266461372375488
0.28171253204345703
0.22809386253356934
0.3095881938934326
0.16962194442749023
0.224013090133667
0.21874237060546875
0.2745022773742676
0.2972419261932373
0.2219860553741455
0.21872878074645996
0.16840124130249023
0.3305068016052246
0.2322225570678711
0.22248125076293945
0.1675713062286377
0.22014975547790527
0.16849637031555176
0.1678464412689209
0.21975183486938477
0.16883277893066406
0.2180342674255371
0.42301344871520996
0.3594169616699219
0.16903257369995117
0.21837329864501953
0.28410959243774414
0.2203068733215332
0.38527417182922363
0.5023176670074463
0.21186327934265137
0.2170703411102295
0.2128455638885498
0.21301579475402832
0.1677839756011963
0.16433978080749512
0.21151971817016602
0.16640710830688477
0.21194815635681152
0.17505764961242676
0.24166655540466309
0.16712498664855957
0.2398984432220459
0.18250274658203125
0.16350197792053223
0.36774253845214844
0.21407818794250488
0.26933908462524414
0.20573210716247559
0.21507477760314941
0.16983747482299805
0.5647377967834473
0.2692537307739258
0.23144984245300293
0.21114778518676758
0.17495465278625488
0.32434844970703125
0.16746234893798828
0.1640300750732422
0.16671299934387207
0.21445679664611816
0.20825743675231934
0.2078096866607666
0.21761298179626465
0.17210674285888672
0.21407079696655273
0.7967281341552734
0.4750635623931885
0.18835997581481934
0.3072850704193115
0.36826038360595703
0.3202207088470459
0.39677882194519043
0.5457866191864014
0.22912859916687012
0.22179007530212402
0.2191019058227539
0.21897387504577637
0.19233918190002441
0.17035269737243652
0.2181994915008545
0.22597360610961914
0.17194628715515137
0.30568981170654297
0.20838594436645508
0.3294260501861572
0.16932439804077148
0.17172670364379883
0.30188918113708496
0.2318260669708252
0.2978537082672119
0.2225475311279297
0.1721813678741455
0.25309181213378906
0.21991968154907227
0.2837655544281006
0.22219038009643555
0.2205362319946289
0.16716527938842773
0.32119202613830566
0.22586894035339355
0.17257094383239746
0.17019176483154297
0.22412443161010742
0.1750044822692871
0.17258453369140625
0.2967815399169922
0.1697993278503418
0.21873259544372559
0.5373995304107666
0.4180011749267578
0.1722114086151123
0.3336350917816162
0.28330397605895996
0.2837543487548828
0.596001148223877
0.45093488693237305
0.30521154403686523
0.21265888214111328
0.2205185890197754
0.21631240844726562
0.16736555099487305
0.17164325714111328
0.21807360649108887
0.21461892127990723
0.16721034049987793
0.2747325897216797
0.20580816268920898
0.2701263427734375
0.16786980628967285
0.1651618480682373
0.5020527839660645
0.21576261520385742
0.29033374786376953
0.189589262008667
0.21756196022033691
0.2205495834350586
0.26667118072509766
0.2818169593811035
0.22068476676940918
0.23275279998779297
0.16652798652648926
0.2940711975097656
0.21801996231079102
0.21516823768615723
0.18500113487243652
0.21274137496948242
0.1645982265472412
0.16609406471252441
0.21904587745666504
0.18546605110168457
0.21034955978393555
0.40019702911376953
0.4047675132751465
0.16701221466064453
0.3186488151550293
0.278078556060791
0.21478748321533203
0.32512807846069336
0.6201503276824951
0.2316756248474121
0.2382204532623291
0.22599315643310547
0.21992897987365723
0.1772615909576416
0.17229390144348145
0.21738243103027344
0.17555665969848633
0.22027015686035156
0.1691298484802246
0.2895035743713379
0.17143487930297852
0.28333187103271484
0.21199440956115723
0.17433667182922363
0.2966756820678711
0.2262897491455078
0.28371644020080566
0.16912245750427246
0.22364592552185059
0.21860814094543457
0.2817497253417969
0.3013496398925781
0.2308192253112793
0.22075295448303223
0.1756441593170166
0.32185864448547363
0.17188024520874023
0.21963834762573242
0.17022228240966797
0.22820258140563965
0.17010951042175293
0.17554140090942383
0.22702908515930176
0.17803072929382324
0.27702832221984863
0.452866792678833
0.4258124828338623
0.17116141319274902
0.33149147033691406
0.30452895164489746
0.23944640159606934
0.5596120357513428
0.5307836532592773
0.22100615501403809
0.22479677200317383
0.22017359733581543
0.22103023529052734
0.22451353073120117
0.17071032524108887
0.22290730476379395
0.17036175727844238
0.2199094295501709
0.1706700325012207
0.29155611991882324
0.170271635055542
0.3312795162200928
0.16986536979675293
0.17310738563537598
0.3302795886993408
0.871335506439209
0.15537047386169434
0.17197465896606445
0.18439888954162598
0.2271263599395752
0.2212362289428711
0.2925875186920166
0.20372462272644043
0.2186751365661621
0.16917109489440918
0.3210489749908447
0.21927881240844727
0.23988580703735352
0.16882991790771484
0.22123026847839355
0.1703474521636963
0.16849851608276367
0.21902966499328613
0.16795086860656738
0.21965527534484863
0.4628713130950928
0.39651060104370117
0.18839383125305176
0.3202385902404785
0.2804684638977051
0.27995729446411133
0.424222469329834
0.5972328186035156
0.21426939964294434
0.21494174003601074
0.21217584609985352
0.21348857879638672
0.20097088813781738
0.16863656044006348
0.21159911155700684
0.16391849517822266
0.21366405487060547
0.16611099243164062
0.26590633392333984
0.1640937328338623
0.27178478240966797
0.16452574729919434
0.165771484375
0.27896618843078613
0.21163630485534668
0.28557658195495605
0.16504597663879395
0.16450810432434082
0.2125988006591797
0.21299433708190918
0.2755124568939209
0.2163982391357422
0.21208667755126953
0.16726374626159668
0.30565381050109863
0.2178635597229004
0.21454405784606934
0.1658339500427246
0.2111978530883789
0.18563461303710938
0.167388916015625
0.2551310062408447
0.16474580764770508
0.21930384635925293
0.44430041313171387
0.34083056449890137
0.16179609298706055
0.3087635040283203
0.27396202087402344
0.27341151237487793
0.389357328414917
0.3872673511505127
0.22086453437805176
0.21829485893249512
0.22188639640808105
0.21902084350585938
0.16930580139160156
0.1704251766204834
0.22858548164367676
0.2177114486694336
0.1753387451171875
0.2836952209472656
0.1740427017211914
0.28133296966552734
0.16884779930114746
0.16872358322143555
0.34078383445739746
0.24017095565795898
0.2832486629486084
0.16938066482543945
0.22951531410217285
0.19050312042236328
0.2989027500152588
0.28527045249938965
0.2182013988494873
0.22386908531188965
0.18023896217346191
0.32723188400268555
0.21961665153503418
0.22923493385314941
0.1895895004272461
0.2288215160369873
0.16849350929260254
0.17456746101379395
0.21895360946655273
0.17159414291381836
0.2181990146636963
0.4315073490142822
0.34871745109558105
0.1723008155822754
0.32479238510131836
0.2245934009552002
0.287250280380249
0.4023134708404541
0.3852806091308594
0.2107834815979004
0.21410632133483887
0.21705842018127441
0.20902323722839355
0.16469836235046387
0.16405367851257324
0.21627521514892578
0.1651463508605957
0.2104794979095459
0.16434073448181152
0.270374059677124
0.16388773918151855
0.33217501640319824
0.1643657684326172
0.16570305824279785
0.280658483505249
0.21265196800231934
0.32773518562316895
0.1692211627960205
0.22259831428527832
0.21375656127929688
0.21370196342468262
0.27320361137390137
0.23407483100891113
0.23108243942260742
0.16754961013793945
0.31163692474365234
0.16518545150756836
0.16292476654052734
0.16451597213745117
0.2277834415435791
0.16615724563598633
0.16752862930297852
0.21169543266296387
0.16569852828979492
0.2129359245300293
0.4561336040496826
0.387096643447876
0.16580939292907715
0.3060915470123291
0.2701561450958252
0.22182178497314453
0.47124743461608887
0.45214343070983887
0.21905875205993652
0.22199130058288574
0.19341731071472168
0.2164905071258545
0.17155838012695312
0.18340086936950684
0.21978545188903809
0.22380661964416504
0.1708390712738037
0.285444974899292
0.17164993286132812
0.25115323066711426
0.17014598846435547
0.17481541633605957
0.2859475612640381
0.22029519081115723
0.28394484519958496
0.17034697532653809
0.19302916526794434
0.22436833381652832
0.22167110443115234
0.16988635063171387
0.22791361808776855
0.17271900177001953
0.16903471946716309
0.3160567283630371
0.22441554069519043
0.21810555458068848
0.17143988609313965
0.2204134464263916
0.19252681732177734
0.17571616172790527
0.292724609375
0.20792889595031738
0.24585628509521484
0.3988001346588135
0.3763883113861084
0.24865293502807617
0.285506010055542
0.2176055908203125
0.4281954765319824
0.35065674781799316
