2.614987373352051
2.35172438621521
2.970872640609741
2.6086039543151855
2.0547616481781006
2.577354669570923
2.1047568321228027
2.3075428009033203
2.189771890640259
2.2244479656219482
2.241502523422241
2.6589508056640625
2.2391796112060547
2.2460951805114746
2.2884819507598877
2.3998539447784424
2.435445547103882
2.4422247409820557
2.3801841735839844
3.4631845951080322
2.401815891265869
2.5578460693359375
2.7692229747772217
2.4899327754974365
2.6261754035949707
2.1840457916259766
2.8270552158355713
2.6486124992370605
2.373187780380249
2.405909299850464
2.477541208267212
2.2164876461029053
2.5353851318359375
2.330693483352661
2.9538443088531494
2.104750633239746
2.416644334793091
2.488103151321411
2.2865793704986572
2.343700408935547
2.231476068496704
2.636223554611206
2.6487717628479004
2.8601701259613037
2.219850778579712
2.4849355220794678
4.862360239028931
2.2958357334136963
2.1276888847351074
2.202894687652588
2.4276154041290283
2.209930181503296
2.658588171005249
2.4068706035614014
2.5219550132751465
2.2463886737823486
2.3587498664855957
2.424290418624878
2.4575653076171875
2.3339741230010986
2.478893518447876
2.207674503326416
2.39505934715271
2.449650764465332
2.609341859817505
2.3214824199676514
2.2320632934570312
2.2274701595306396
2.3011343479156494
2.430324077606201
2.399606227874756
2.342238664627075
2.2708208560943604
2.3962676525115967
2.135169744491577
2.2982728481292725
2.52519154548645
2.0789012908935547
2.363152265548706
2.2210936546325684
2.068885564804077
2.345867156982422
2.3468637466430664
2.583794116973877
2.7000911235809326
2.5952417850494385
2.5755996704101562
2.7363593578338623
2.559798002243042
2.4481284618377686
2.5396552085876465
3.3492486476898193
2.3010191917419434
3.127413272857666
2.348717212677002
2.36293625831604
2.3833537101745605
2.4735982418060303
2.4027185440063477
2.6810264587402344
2.3883674144744873
3.780670404434204
3.3983311653137207
3.0003559589385986
4.852668762207031
2.3377556800842285
2.1424388885498047
2.062352418899536
2.677499294281006
2.363577365875244
2.188105344772339
1.9869587421417236
2.4496750831604004
2.4009954929351807
2.163316249847412
2.515983819961548
2.220062732696533
2.57918643951416
3.254387140274048
4.1361613273620605
2.6214237213134766
2.532132625579834
2.246735095977783
2.2635583877563477
2.6475789546966553
2.97663950920105
3.004054069519043
2.8635497093200684
4.857163190841675
2.539034366607666
6.082134485244751
2.443833351135254
2.7297475337982178
2.432096242904663
2.351623773574829
2.137517213821411
3.158449411392212
2.2389941215515137
2.3171885013580322
3.332127094268799
2.2827577590942383
2.3995742797851562
2.734583854675293
2.6939754486083984
3.5837323665618896
3.166008949279785
2.729719400405884
2.5025362968444824
2.5918798446655273
2.275510549545288
2.5864055156707764
2.3182382583618164
2.269299030303955
2.563950538635254
2.8503811359405518
2.4212276935577393
2.4167237281799316
2.872941255569458
3.6815338134765625
2.3840901851654053
2.396824598312378
2.6169824600219727
2.970470666885376
2.251991033554077
2.395026445388794
2.677288293838501
2.942117214202881
2.4057796001434326
2.668309211730957
2.6945109367370605
2.404545545578003
2.543999433517456
4.559690237045288
2.655677556991577
2.6439554691314697
2.423734664916992
3.256746530532837
2.742966413497925
2.756009817123413
2.6425304412841797
2.3938021659851074
2.6622469425201416
2.3266618251800537
2.741908550262451
2.707231283187866
3.207033395767212
2.6994054317474365
2.5589447021484375
2.461390733718872
2.3902580738067627
2.5189199447631836
2.616727590560913
3.0797626972198486
2.431302070617676
2.5063328742980957
3.0667214393615723
2.790858507156372
2.6921164989471436
2.4422411918640137
2.5575308799743652
2.592444658279419
2.43643856048584
2.7273356914520264
2.432542562484741
2.9561705589294434
2.5767908096313477
2.851984977722168
2.1689558029174805
3.4324724674224854
2.221827268600464
3.5391809940338135
3.0417048931121826
2.461320400238037
3.1978814601898193
2.6011226177215576
3.0073368549346924
2.748018264770508
2.3814663887023926
2.7344045639038086
2.63427996635437
2.4416966438293457
2.207097053527832
2.681299924850464
3.090057134628296
3.4286086559295654
2.3221826553344727
2.407616138458252
2.2884998321533203
2.2818174362182617
3.18361496925354
2.3285481929779053
2.5421414375305176
2.589980363845825
2.4396073818206787
3.1605770587921143
2.872755765914917
2.622657299041748
2.786243438720703
3.649996280670166
2.930936098098755
2.5988223552703857
3.531431198120117
2.0826315879821777
2.6220908164978027
3.1106910705566406
2.2390077114105225
2.4083003997802734
3.9001779556274414
2.2399747371673584
2.3484272956848145
2.1959946155548096
2.2282204627990723
6.157345771789551
2.333587169647217
5.105965614318848
3.1119158267974854
2.791630744934082
2.2725932598114014
2.5331361293792725
2.4339048862457275
3.23248553276062
2.752021312713623
2.565676212310791
2.2216434478759766
2.4366366863250732
2.5731520652770996
2.184769630432129
2.523210287094116
2.290814161300659
3.3656227588653564
2.3784966468811035
2.4642529487609863
2.5165741443634033
2.7386727333068848
2.9105660915374756
2.6069695949554443
2.3146069049835205
2.5323715209960938
2.430389642715454
2.5190653800964355
2.4264094829559326
2.9000062942504883
3.5575778484344482
3.020700693130493
2.6472761631011963
2.4990155696868896
2.587507486343384
2.5170977115631104
2.4964449405670166
3.2042274475097656
2.4064102172851562
2.500227689743042
2.3410189151763916
2.8358442783355713
2.4055323600769043
2.6507136821746826
2.256112813949585
2.3635005950927734
2.2751498222351074
2.234187126159668
2.3584210872650146
2.369920015335083
2.4336047172546387
2.471057891845703
2.454624891281128
2.494816303253174
3.2240712642669678
2.458507537841797
2.627976179122925
2.5004096031188965
2.618293523788452
2.446258783340454
2.3796019554138184
2.9492111206054688
2.441584825515747
2.332953929901123
2.5944199562072754
2.3251969814300537
2.6628780364990234
3.6898622512817383
2.5768864154815674
2.6619045734405518
2.4139585494995117
2.916628360748291
2.626347303390503
3.8847670555114746
3.6777846813201904
2.353790521621704
3.09775447845459
2.306258201599121
3.0859768390655518
2.309993267059326
3.975111246109009
3.0426185131073
2.4780242443084717
4.24160099029541
2.496720552444458
2.2995057106018066
2.43615984916687
2.655022621154785
2.2170803546905518
2.2790024280548096
2.5545411109924316
2.1466639041900635
2.3609795570373535
2.595764398574829
2.2378745079040527
3.5426111221313477
3.706981897354126
2.435527801513672
2.3071439266204834
2.3290112018585205
2.5637924671173096
2.5196518898010254
2.419874668121338
2.7085676193237305
2.4110186100006104
2.649073362350464
2.8133747577667236
2.7410764694213867
2.0231475830078125
2.5309557914733887
2.5006628036499023
2.4920947551727295
2.0466136932373047
2.786160707473755
2.5218112468719482
2.2341275215148926
2.2370827198028564
2.1443159580230713
2.848703384399414
3.4845669269561768
2.7023072242736816
2.149508476257324
2.2194736003875732
4.381752014160156
3.0936105251312256
3.357557535171509
2.53194522857666
2.372561454772949
2.1500115394592285
2.161834955215454
2.2965357303619385
2.3210740089416504
2.868452310562134
2.369204521179199
2.3483223915100098
4.594912767410278
2.0263891220092773
2.4391653537750244
2.259856939315796
2.122345209121704
2.629624605178833
2.685258626937866
3.1996042728424072
2.177093744277954
2.318267822265625
2.282820701599121
2.306018352508545
2.2423112392425537
2.090157985687256
2.309204578399658
2.6675705909729004
2.4476449489593506
2.3665871620178223
2.5565125942230225
2.319030284881592
3.24601674079895
2.3845038414001465
2.418527126312256
2.588770627975464
2.3131582736968994
2.888495445251465
2.064387559890747
1.7063672542572021
2.259655237197876
3.3706257343292236
3.4308340549468994
2.1711628437042236
2.034423589706421
2.5555174350738525
2.465819835662842
2.4916129112243652
2.644622564315796
2.340320587158203
2.55462646484375
2.498009204864502
2.549569845199585
2.327268362045288
2.5816762447357178
2.372058391571045
2.448540210723877
2.6467137336730957
2.3357293605804443
2.36352801322937
2.563817262649536
2.4361231327056885
2.360635995864868
2.5462210178375244
2.8228237628936768
2.394291400909424
2.497661590576172
2.6380627155303955
2.3810389041900635
2.4429421424865723
2.666719675064087
2.7517316341400146
2.408273935317993
2.354382276535034
2.463679790496826
2.44205379486084
3.39422607421875
2.859156370162964
2.494354248046875
2.610651731491089
2.2746565341949463
2.6004834175109863
2.546905517578125
2.389484405517578
2.8979482650756836
2.526610851287842
2.2393085956573486
2.2933554649353027
2.4325690269470215
2.9428796768188477
2.2437775135040283
2.20151686668396
2.462517023086548
2.3181304931640625
2.516350746154785
2.294281005859375
2.613192081451416
2.1936490535736084
2.474331855773926
2.203650712966919
2.477368116378784
2.22162127494812
2.458055257797241
2.6078402996063232
2.311567783355713
2.3692944049835205
2.5242669582366943
2.333106517791748
2.4556922912597656
2.3733737468719482
2.385678291320801
2.3489022254943848
2.7729127407073975
2.655083417892456
3.1973605155944824
2.1792519092559814
3.2261765003204346
4.605746030807495
2.7075870037078857
4.3086326122283936
2.4653267860412598
3.015528917312622
2.3484010696411133
2.839035987854004
3.6840267181396484
2.371598958969116
2.5971601009368896
2.149118423461914
2.184631586074829
2.421063184738159
2.649019956588745
2.7284622192382812
2.5380048751831055
3.6027333736419678
2.8430378437042236
2.4536640644073486
2.6042141914367676
2.8487443923950195
2.3661088943481445
2.4321212768554688
2.65434193611145
2.7822365760803223
2.442655563354492
2.2414679527282715
2.5232179164886475
5.165534019470215
2.670464515686035
2.5740833282470703
2.445643186569214
2.288931131362915
2.499443531036377
2.6277804374694824
2.5304651260375977
3.2171218395233154
2.5179145336151123
2.6836354732513428
2.8864731788635254
4.381156921386719
3.634815216064453
4.596946954727173
2.551727294921875
2.889585256576538
2.5437171459198
4.269148349761963
3.1497721672058105
2.7744476795196533
2.6970465183258057
2.4806103706359863
3.3421449661254883
2.4379208087921143
3.6706840991973877
2.547322988510132
2.9267807006835938
2.413823127746582
2.925079822540283
2.406054735183716
2.4425716400146484
4.951335430145264
2.7000787258148193
2.42388653755188
3.3340165615081787
2.4495091438293457
2.79927921295166
3.851104259490967
2.875673770904541
3.197968006134033
2.606501817703247
3.7623064517974854
2.3074252605438232
2.3473944664001465
2.568232774734497
2.952549457550049
2.352433204650879
4.1012959480285645
4.233004093170166
3.9637136459350586
2.424989700317383
2.321119546890259
2.638392686843872
2.187040090560913
2.5579886436462402
4.7556633949279785
3.02256178855896
2.2957921028137207
1.9534480571746826
2.016948699951172
2.1853384971618652
2.9453158378601074
2.537616491317749
2.1036477088928223
2.4185996055603027
2.3851423263549805
2.3849096298217773
2.551802158355713
2.0075647830963135
3.2407445907592773
2.7073402404785156
2.2601449489593506
2.129150390625
2.208282709121704
2.618875741958618
2.1510796546936035
2.3222713470458984
3.2226145267486572
2.404879093170166
2.2375500202178955
2.1917004585266113
2.2698707580566406
2.3634610176086426
2.1814475059509277
2.7047576904296875
2.523935079574585
2.0246617794036865
2.4240663051605225
2.333277463912964
2.2419660091400146
3.7437522411346436
2.9833390712738037
2.199791669845581
2.9975597858428955
2.1436378955841064
2.2253031730651855
2.2499117851257324
2.2865731716156006
3.189438581466675
3.928645610809326
2.0951879024505615
2.2194387912750244
1.93855881690979
3.220501661300659
2.5801069736480713
2.3579297065734863
2.76900053024292
3.0571506023406982
2.194828510284424
4.051879405975342
2.7762649059295654
3.8110077381134033
3.0789337158203125
2.377411127090454
2.333906412124634
3.9779880046844482
2.8725805282592773
2.5976526737213135
2.376629114151001
2.8148140907287598
3.9882349967956543
2.9872093200683594
2.503709316253662
2.352745771408081
2.381194829940796
3.1673076152801514
2.706529140472412
3.2001354694366455
2.2398195266723633
2.5741500854492188
2.548410654067993
2.258103609085083
4.684733629226685
2.158055067062378
5.230270147323608
2.5006442070007324
2.630811929702759
2.135974884033203
2.1114344596862793
2.0697402954101562
2.9959967136383057
2.734553337097168
3.9892122745513916
3.741506576538086
2.5424306392669678
3.8868296146392822
2.2855868339538574
3.3443665504455566
2.507066249847412
6.557076454162598
3.1447582244873047
2.4261205196380615
2.2219021320343018
2.2360477447509766
2.549060821533203
2.317253589630127
2.4819881916046143
2.501481056213379
2.4205780029296875
2.52860426902771
2.357419013977051
2.5797617435455322
4.437811374664307
7.236986398696899
2.522949695587158
2.5143797397613525
2.3552920818328857
2.8287346363067627
2.621478319168091
2.659012794494629
2.534543037414551
2.7035038471221924
3.1049907207489014
2.554151773452759
2.333906888961792
2.616227865219116
2.4198949337005615
2.2482550144195557
2.629110097885132
2.301650047302246
2.231785774230957
2.924745798110962
2.2358131408691406
2.2112221717834473
2.2190639972686768
2.5115928649902344
3.0619056224823
2.481274127960205
2.203669786453247
2.3298723697662354
3.0480775833129883
2.352022409439087
2.3331105709075928
2.291060447692871
2.3956570625305176
2.485405683517456
3.176560640335083
2.171373128890991
2.2103521823883057
2.2645864486694336
4.976320505142212
2.8047235012054443
2.212104558944702
2.801135540008545
2.5821311473846436
1.9502637386322021
2.121591806411743
3.560500383377075
2.204115390777588
2.1908652782440186
1.7498455047607422
3.326458215713501
1.9341790676116943
2.5150396823883057
3.399135112762451
1.7643156051635742
3.2500829696655273
2.7846896648406982
4.9530556201934814
2.285264015197754
2.0219786167144775
2.0752673149108887
2.334491014480591
3.1648802757263184
2.024467945098877
2.488170623779297
2.283148765563965
2.8504791259765625
2.7119855880737305
2.5946245193481445
2.495959997177124
2.891233444213867
2.582240343093872
2.745988607406616
3.140284299850464
2.3654513359069824
2.9316186904907227
3.230989694595337
2.2882981300354004
3.85750150680542
2.3708088397979736
2.241851806640625
2.452920913696289
2.731433629989624
2.418849229812622
2.643730878829956
2.357588768005371
2.585944414138794
3.488121747970581
2.287858724594116
2.8669357299804688
2.2077951431274414
2.689586877822876
2.9779891967773438
4.531856536865234
3.0897746086120605
2.0793304443359375
2.9679019451141357
2.6727256774902344
2.1763033866882324
2.377420425415039
3.2176196575164795
2.747015953063965
3.2466487884521484
2.8319203853607178
2.20563006401062
2.0705418586730957
2.1612462997436523
1.8861944675445557
4.324774980545044
2.19246506690979
2.243833303451538
2.8681585788726807
1.8818604946136475
2.158419132232666
3.200667381286621
2.2014496326446533
3.672351121902466
2.178429126739502
2.3490991592407227
2.6579813957214355
2.5994386672973633
2.2928390502929688
3.738215923309326
3.1454553604125977
2.437124252319336
3.9648046493530273
2.801431894302368
2.421332597732544
4.811286211013794
2.033836603164673
4.184478282928467
3.562464952468872
2.6508233547210693
2.140347719192505
2.9515161514282227
2.0881409645080566
3.0618109703063965
2.7770442962646484
4.042529821395874
2.206531047821045
3.4203646183013916
2.6252174377441406
1.863424301147461
2.2168498039245605
2.2492640018463135
3.129473924636841
2.2188498973846436
2.306828498840332
3.008894443511963
1.9610271453857422
2.039055347442627
2.173013687133789
2.2106027603149414
2.0177369117736816
2.001384973526001
2.278836488723755
2.082850456237793
2.385857343673706
8.99097228050232
6.252730369567871
6.567175388336182
8.510071754455566
5.704373121261597
7.298489809036255
8.675148248672485
7.713810920715332
9.66137433052063
5.107316493988037
7.912387132644653
7.870623588562012
5.7995946407318115
9.227332830429077
6.25818657875061
5.579158067703247
5.965655565261841
5.82434606552124
5.616272449493408
7.715139627456665
9.95018458366394
9.051059246063232
7.79955267906189
6.278829336166382
5.5023415088653564
8.552183389663696
6.094721555709839
8.286016702651978
5.3449788093566895
7.598154067993164
6.0745320320129395
5.3284056186676025
7.178689241409302
8.084119319915771
6.80718994140625
9.026989698410034
7.961926460266113
6.851728677749634
4.697537899017334
4.745756149291992
6.907317161560059
8.112323760986328
2.660402774810791
2.3795084953308105
3.782711982727051
4.20442271232605
2.552616834640503
2.384275197982788
2.3540217876434326
2.5133042335510254
2.259253978729248
2.2930963039398193
2.3081769943237305
3.3056633472442627
2.4064276218414307
4.226593494415283
3.7696821689605713
2.0182769298553467
2.3578038215637207
2.219231128692627
2.291022300720215
2.126880407333374
2.465420722961426
2.190709114074707
2.415759325027466
2.667577028274536
2.0463647842407227
2.4656832218170166
2.215205669403076
2.204320192337036
2.2431328296661377
2.409090757369995
1.9907622337341309
2.5259602069854736
2.43430757522583
2.353914737701416
2.2294509410858154
3.6060760021209717
2.8281466960906982
2.2393198013305664
2.073509454727173
3.7089285850524902
2.41931414604187
2.0655813217163086
2.593031167984009
2.1484620571136475
2.481205701828003
2.580768346786499
2.4185545444488525
2.9220147132873535
2.645521402359009
2.049471616744995
2.405597686767578
2.3791918754577637
2.236506223678589
2.319796323776245
4.555216550827026
2.298647880554199
3.4248650074005127
2.3903744220733643
2.153686761856079
2.448057174682617
3.680668354034424
2.648690700531006
2.539121627807617
4.735774517059326
2.4039993286132812
4.0337443351745605
2.663539171218872
2.3025808334350586
2.2167601585388184
2.990032196044922
2.5285232067108154
2.1169850826263428
2.443864345550537
2.5946104526519775
2.017327308654785
3.366894006729126
2.143953561782837
2.229091167449951
2.2226357460021973
4.778141975402832
2.3263871669769287
2.0289549827575684
3.0292208194732666
2.2786705493927
2.19100022315979
2.2304365634918213
2.341353416442871
2.3822286128997803
2.4248764514923096
2.160294532775879
3.7853565216064453
2.338555335998535
2.3573155403137207
2.191871404647827
2.427189350128174
2.7049143314361572
2.799727439880371
2.641209840774536
2.072662830352783
3.6362295150756836
4.058403491973877
4.257303953170776
2.238142728805542
2.5427298545837402
2.27443528175354
3.1107308864593506
2.729259490966797
2.3008639812469482
2.8901519775390625
2.4446210861206055
2.1295909881591797
2.4949238300323486
2.251624822616577
3.0245444774627686
2.1083285808563232
2.2089736461639404
2.579118490219116
2.313291072845459
2.3444182872772217
2.169553279876709
3.2560057640075684
3.195998430252075
2.3687636852264404
2.299516439437866
2.808673620223999
2.561349630355835
2.5280985832214355
3.2525134086608887
3.9753124713897705
3.5008785724639893
4.1519505977630615
3.5587122440338135
3.0860490798950195
3.6741950511932373
2.5424466133117676
2.412219524383545
2.376190185546875
3.708317518234253
3.6032516956329346
2.111527442932129
3.4435782432556152
3.0682902336120605
5.39428973197937
5.190655946731567
4.072457551956177
3.7889111042022705
2.8154869079589844
1.8833577632904053
3.6314783096313477
2.42832088470459
4.779158353805542
2.248337745666504
3.457052707672119
2.4475455284118652
2.0468122959136963
2.222799301147461
3.082507848739624
1.996610403060913
2.9193665981292725
3.790731906890869
2.4344756603240967
2.2205536365509033
3.5551211833953857
4.2252748012542725
3.4563539028167725
2.243807077407837
2.1053824424743652
2.801872730255127
2.512822389602661
2.50941801071167
2.960925817489624
2.8014097213745117
2.1017987728118896
2.4428350925445557
2.5874431133270264
2.8711934089660645
2.496861696243286
2.468282699584961
2.4590470790863037
3.133197784423828
2.662368059158325
2.3013994693756104
2.3485076427459717
2.310716152191162
2.7689974308013916
2.48117733001709
2.4938547611236572
2.36152720451355
2.2301948070526123
2.352468967437744
2.3820860385894775
3.101940155029297
2.197863817214966
2.307713508605957
2.9628379344940186
2.3343358039855957
2.316041946411133
2.2013983726501465
2.7008445262908936
2.2969207763671875
2.1503231525421143
2.665714979171753
2.281376600265503
2.744516372680664
2.279029130935669
2.364238739013672
3.484579086303711
2.288424491882324
3.028208017349243
2.2675278186798096
2.606107473373413
3.4549720287323
2.247676134109497
2.2488794326782227
2.6178438663482666
1.942852258682251
2.473134756088257
2.883024215698242
2.2549819946289062
2.0416414737701416
2.0898215770721436
3.2801737785339355
2.057305097579956
2.254513740539551
2.325275182723999
2.14097261428833
1.9951612949371338
2.262474775314331
3.378401517868042
2.017476797103882
2.168208122253418
2.132791519165039
2.389035701751709
2.1564221382141113
2.9387383460998535
2.4806346893310547
2.2797188758850098
5.871740818023682
3.466489553451538
2.6485671997070312
3.21903657913208
1.8573577404022217
3.3175153732299805
2.3935394287109375
2.720721483230591
4.710880994796753
2.2252514362335205
2.172851324081421
3.0768966674804688
2.9336836338043213
2.6400325298309326
2.1542270183563232
2.704937696456909
2.767080068588257
3.0738320350646973
3.195606231689453
2.208430767059326
2.710334539413452
2.153621196746826
3.108419895172119
2.271970272064209
2.836017370223999
2.4390757083892822
2.568192958831787
2.277667999267578
2.412600517272949
2.1653831005096436
2.3009262084960938
2.504411220550537
3.658757448196411
4.683879137039185
2.4168143272399902
2.359159469604492
2.249451160430908
2.2547130584716797
2.3718724250793457
2.693345546722412
3.8912031650543213
2.3439972400665283
2.6952779293060303
2.065735101699829
2.2913589477539062
2.7403812408447266
2.2622711658477783
3.041792631149292
3.259936571121216
3.4573652744293213
2.119192123413086
2.2940425872802734
1.9825034141540527
2.945098638534546
4.818475008010864
2.523261070251465
2.8736112117767334
2.109736442565918
3.2050836086273193
2.672609329223633
2.340545415878296
2.3668298721313477
3.8179118633270264
2.6131982803344727
2.1348495483398438
4.616455793380737
3.2710561752319336
2.553624391555786
2.2972047328948975
3.5782501697540283
2.868241786956787
2.4035887718200684
2.304443836212158
2.2404446601867676
2.2885212898254395
2.751817464828491
2.5404491424560547
2.0317721366882324
2.2120590209960938
2.209261655807495
2.1991801261901855
3.0135231018066406
2.162402868270874
5.903013229370117
2.9116463661193848
2.870593309402466
2.52003812789917
2.0912771224975586
3.061967372894287
2.8154819011688232
3.350529670715332
4.420459747314453
2.392141580581665
2.2935280799865723
2.2866299152374268
3.809774398803711
2.3565175533294678
2.7568840980529785
2.4819977283477783
3.8525631427764893
3.922023296356201
2.942054510116577
2.1629581451416016
2.2424941062927246
2.785104274749756
2.7082931995391846
2.4382150173187256
3.2808501720428467
3.5857157707214355
3.3591701984405518
2.918800115585327
2.919524669647217
2.0385632514953613
2.303621768951416
2.1609458923339844
2.1106443405151367
2.394117832183838
2.125938892364502
2.6055197715759277
2.058485269546509
3.0350217819213867
4.6374595165252686
2.2985482215881348
2.0778591632843018
1.9592981338500977
2.0201416015625
1.8898229598999023
2.054185628890991
2.1884262561798096
2.2225501537323
2.0902767181396484
2.0142719745635986
2.177858352661133
1.9416108131408691
2.1314046382904053
3.2369203567504883
2.066535711288452
3.1534454822540283
2.077498435974121
2.3882813453674316
4.634153366088867
2.4974894523620605
4.107052803039551
3.497265577316284
3.7558810710906982
2.179582357406616
2.228724956512451
1.9950065612792969
2.9143567085266113
3.1289048194885254
2.2849979400634766
2.6803510189056396
2.310715913772583
2.314804792404175
2.227177381515503
2.474196672439575
2.318690061569214
2.308445930480957
2.40457820892334
2.0615739822387695
2.0588624477386475
2.2140510082244873
2.3345775604248047
2.4097743034362793
3.3252851963043213
2.3740551471710205
3.576444149017334
2.36380672454834
2.957465171813965
3.137096643447876
2.4847593307495117
2.3483378887176514
2.307572841644287
3.728951930999756
6.701530694961548
3.391810178756714
2.458603858947754
2.4628665447235107
2.9184627532958984
2.1913654804229736
2.3246657848358154
2.2746317386627197
2.348879814147949
2.7311184406280518
2.069152355194092
3.010671377182007
2.2654035091400146
2.0153565406799316
2.1432456970214844
2.163905620574951
2.97688627243042
3.1833701133728027
2.7700862884521484
2.197561502456665
2.195134401321411
3.119454860687256
2.494685173034668
2.8902974128723145
2.0367095470428467
2.513974666595459
1.7736854553222656
2.004546880722046
2.242954969406128
1.9345626831054688
2.0098466873168945
2.0512681007385254
2.312894821166992
1.8144667148590088
1.9452240467071533
1.7912802696228027
2.638871192932129
2.1809463500976562
2.4971611499786377
2.129408836364746
2.3228020668029785
2.368534803390503
1.9905757904052734
2.2460997104644775
2.0771665573120117
2.3132643699645996
2.0659780502319336
2.0561182498931885
2.9423348903656006
3.1384494304656982
2.2895219326019287
2.401703119277954
3.442399501800537
2.2421820163726807
1.8378047943115234
2.443746328353882
2.025317430496216
2.1582627296447754
2.167780876159668
3.245635747909546
2.625769853591919
2.2005724906921387
2.0560505390167236
2.202834129333496
3.0282211303710938
2.1833386421203613
2.1242170333862305
2.1136536598205566
1.98348069190979
2.1739792823791504
2.0522263050079346
4.148659944534302
3.4784202575683594
3.005544900894165
2.154273748397827
2.594043493270874
2.2015647888183594
2.3181421756744385
2.04933762550354
2.194664239883423
2.6585679054260254
2.0059945583343506
2.4049973487854004
1.9650580883026123
2.144824266433716
2.0493006706237793
1.996450662612915
2.196655750274658
2.180453300476074
2.344947338104248
2.343545913696289
2.0144171714782715
2.4151291847229004
2.245283603668213
2.154965877532959
2.3857343196868896
2.0567235946655273
2.616154193878174
1.9271957874298096
2.0549261569976807
2.2060418128967285
2.199587345123291
2.3034114837646484
2.8482141494750977
3.4505112171173096
2.481895923614502
2.2343037128448486
2.2913148403167725
2.3339338302612305
2.149975299835205
2.0465357303619385
2.804868459701538
2.100465774536133
2.2815678119659424
2.1962926387786865
2.2159876823425293
2.143242597579956
2.142143487930298
2.3008296489715576
3.4618747234344482
2.2176241874694824
2.2026681900024414
2.1119441986083984
2.227915048599243
3.1779274940490723
2.368706464767456
2.2385942935943604
2.552403450012207
2.724008083343506
2.1015400886535645
2.149825096130371
2.950394868850708
3.123701572418213
2.1768383979797363
2.2979373931884766
2.347386121749878
2.569934606552124
2.733247756958008
2.420153856277466
2.221149206161499
2.198096990585327
2.9899725914001465
2.72587251663208
2.366100311279297
2.2113115787506104
2.1989123821258545
2.3299262523651123
2.1351563930511475
2.101029634475708
2.228208541870117
2.376159429550171
2.2661683559417725
2.353116035461426
2.1545209884643555
2.0692152976989746
3.7521989345550537
2.0248935222625732
2.649383783340454
2.2528977394104004
2.713552236557007
2.3873374462127686
2.467210292816162
3.433103561401367
2.5379343032836914
2.3862903118133545
2.040274143218994
2.414825677871704
2.3985698223114014
2.079798460006714
2.0758373737335205
2.151796340942383
2.0282182693481445
2.288923740386963
2.3080077171325684
2.207965612411499
2.2618014812469482
2.334479570388794
2.835017204284668
2.7298107147216797
2.4190311431884766
2.3150579929351807
2.377976894378662
2.466157913208008
2.063746690750122
2.4199776649475098
3.7102181911468506
2.1223561763763428
2.020883798599243
2.2042183876037598
2.453369140625
3.2396485805511475
2.2225935459136963
2.4241535663604736
2.3278698921203613
2.095798969268799
2.3086886405944824
2.3748385906219482
2.299341917037964
2.195016622543335
2.1853389739990234
2.6818082332611084
2.6581082344055176
2.4413259029388428
2.730869770050049
2.1749794483184814
2.0571296215057373
2.1533021926879883
2.5686864852905273
1.9181952476501465
2.844238519668579
1.8892652988433838
2.6978602409362793
2.608386516571045
2.242068290710449
2.1613290309906006
2.2920303344726562
2.2884151935577393
2.2958626747131348
2.3638455867767334
3.862440586090088
2.450212240219116
2.8485114574432373
3.2422311305999756
5.5434770584106445
2.1527156829833984
3.1799983978271484
2.933453321456909
2.8382821083068848
3.562382936477661
4.0502214431762695
2.3717336654663086
2.5698559284210205
2.73435378074646
2.997925281524658
3.486994981765747
2.4564878940582275
3.9183266162872314
2.3997764587402344
2.5047454833984375
2.0322139263153076
2.0914835929870605
3.4642136096954346
2.570408821105957
2.51516056060791
2.732719898223877
2.31141996383667
2.2617857456207275
3.383732795715332
2.2588863372802734
2.206465482711792
2.8975701332092285
2.3081464767456055
2.1107733249664307
2.9628102779388428
3.5758299827575684
2.1415674686431885
2.3783555030822754
3.4481558799743652
2.6035423278808594
2.925710439682007
4.088033676147461
2.583394765853882
2.0119404792785645
2.2253363132476807
1.970268964767456
2.0052247047424316
1.883906602859497
2.87272310256958
2.196065664291382
1.988849401473999
2.8680686950683594
2.2735648155212402
1.6894958019256592
2.6797847747802734
2.1187922954559326
2.8583178520202637
3.594782590866089
2.322509527206421
2.0865516662597656
1.8028693199157715
1.9165716171264648
2.0094082355499268
1.9616870880126953
2.1433887481689453
2.0319719314575195
2.935819149017334
2.1469013690948486
2.1346826553344727
2.0330159664154053
3.1967055797576904
1.844853162765503
2.062419891357422
2.094848394393921
2.0716543197631836
2.2358500957489014
2.21226167678833
2.080434560775757
1.909839153289795
2.081493377685547
1.9161176681518555
2.0886600017547607
2.047424554824829
2.324794292449951
