,1,2,3,4,5,6,7,8,9,10,11,12
1,5,233,116,67,735,1,0,38,115,128,39,57
2,5,233,116,5348,735,1,0,38,115,128,39,57
3,5,233,116,67,735,1221,0,38,115,128,39,57
4,5,233,116,67,735,1,0,38,115,128,39,57
5,5,148,115,66,995,1,0,38,115,128,39,57
6,5,148,115,66,735,1,0,38,115,128,39,57
7,5,148,115,66,735,1,0,38,115,128,39,57
8,5,148,115,66,735,1,0,38,4708,21935,39,57
9,5,233,116,67,735,1,0,38,115,128,39,57
10,5,233,116,67,735,1,0,38,115,128,39,57
11,5,233,116,67,735,1,0,38,115,128,39,57
12,5,233,117,69,735,1,0,38,116,129,39,58
13,5,233,117,69,735,1,0,38,116,129,48,58
14,5,233,116,67,735,2,0,38,115,128,39,57
15,5,233,117,69,735,1,0,38,116,129,39,58
16,5,233,116,67,735,1,0,38,115,128,39,57
17,5,233,116,67,735,1,0,38,115,128,39,57
18,5,233,117,69,735,1,0,38,116,129,39,58
19,5,233,116,67,735,1,0,38,115,128,39,57
20,5,233,117,69,735,13045,22320,22320,21600,22320,21600,8970
21,5,148,115,66,735,1,0,38,115,128,39,57
22,5,148,115,66,735,1,0,38,115,128,39,57
23,5,148,115,66,735,1,0,38,115,128,39,57
24,5,233,117,69,735,1,0,38,116,129,39,58
25,5,233,117,69,735,1,0,39,116,129,39,58
26,5,233,16268,18411,735,1,0,38,115,128,39,57
28,5,233,116,67,735,1,0,38,115,128,39,57
29,5,233,117,67,3926,1,0,2021,115,128,39,57
30,5,233,116,67,735,1,0,38,115,128,39,57
31,5,148,115,66,735,1,0,38,115,128,39,57
32,5,233,116,67,1437,1,0,38,115,128,39,57
33,5,148,115,66,735,1,0,38,115,128,39,57
34,5,148,115,66,735,1,0,38,115,128,39,57
36,5,148,115,66,735,1,0,38,115,128,39,57
37,5,148,115,66,735,1,0,38,115,128,39,57
38,5,148,115,66,735,1,0,38,115,128,39,57
39,5,148,115,66,735,1,0,38,115,128,39,57
40,5,233,116,68,735,1,0,38,115,128,39,57
42,5,233,117,69,735,1,0,38,116,129,39,58
43,5,234,116,67,735,1,0,38,115,128,39,57
44,5,233,116,67,5443,16205,0,38,115,128,39,57
45,5,233,116,67,735,1,0,38,115,128,39,57
46,5,233,116,464,735,1,0,38,115,128,39,57
47,5,233,4208,67,735,1,0,38,126,128,39,57
48,5,233,117,69,735,1,0,38,116,129,671,58
49,5,148,115,66,735,1,0,38,115,128,39,57
50,5,233,116,67,735,1,0,38,115,128,39,57
51,5,233,117,69,735,1,0,38,116,129,39,58
52,5,233,116,67,735,1,0,38,115,128,39,57
53,5,148,115,66,735,1,0,38,115,128,39,57
54,5,233,117,69,735,1,0,38,116,129,39,58
55,5,233,117,69,735,1,0,38,116,129,39,58
56,5,233,116,67,735,1,0,38,115,128,39,57
57,5,233,117,69,735,1,0,38,116,129,39,58
58,5,233,116,67,735,1,0,38,115,128,39,57
60,3014,3839,116,4866,735,1,0,38,115,128,39,57
61,5,233,116,67,735,1,0,38,115,128,39,57
62,5,233,117,69,735,1,0,38,116,129,39,58
63,5,233,117,69,735,1,0,38,116,129,39,58
64,5,233,117,67,735,1,0,38,115,128,39,57
65,5,233,117,69,735,1,1,38,116,129,39,58
66,5,233,117,69,735,1,1,38,116,129,425,58
67,5,233,117,69,735,1,1,38,116,129,39,58
68,5,233,117,69,735,1,1,38,116,129,39,58
69,5,233,117,69,735,1,1,38,116,129,39,58
70,5,233,116,68,14161,21600,22320,11972,115,128,39,57
71,5,233,116,68,735,1,1,38,115,128,39,57
72,5,148,115,66,735,1,1,38,115,128,39,57
73,5,233,116,68,735,2,1,38,115,128,39,57
74,5,233,121,69,735,1,1,38,116,129,39,58
75,5,233,116,68,735,1,1,39,115,128,39,57
76,5,233,117,69,735,1,1,38,116,129,39,58
77,5,233,117,69,735,1,1,38,116,129,39,58
78,5,148,115,66,735,1,4,38,115,128,39,57
80,5,148,115,66,735,1,1,38,115,128,39,57
81,5,148,115,66,735,1,1,38,115,128,39,57
82,5,3635,1505,66,735,1,1,38,115,128,39,57
83,357,148,115,66,927,1,1,38,115,514,39,57
84,5,148,115,66,735,1,1,38,115,128,39,57
85,5,233,117,69,735,1,1,38,116,129,39,58
86,5,148,115,66,735,1,1,942,2979,128,39,57
87,5,148,115,1773,735,1,1,38,115,128,39,57
88,5,233,117,69,735,1,1,38,116,11991,39,58
89,5,148,115,66,735,1,1,38,115,128,39,57
90,5,233,116,67,735,1,1,38,115,128,39,57
91,5,233,116,68,735,1,1,38,115,128,39,57
92,5,233,116,68,735,1,1,38,115,128,39,57
93,5,148,115,67,735,1,1,38,115,128,78,57
94,5,233,116,68,735,1,1,38,115,128,39,57
95,5,351,116,68,735,1,1,38,115,128,39,57
96,5,233,116,67,735,1,1,38,115,128,39,57
97,5,148,115,66,735,1,1,38,115,128,39,57
98,5,233,117,69,735,1,1,38,116,129,39,58
99,5,233,116,68,735,11383,1,38,115,128,39,57
100,5,233,125,68,735,1,1,38,115,128,39,57
101,5,233,117,69,735,1,1,38,116,129,39,58
102,5,233,116,67,735,1,1,38,115,128,39,57
103,5,148,115,66,735,1,1,38,115,128,39,57
104,5,233,117,69,735,1,1,38,116,7156,39,58
105,5,233,116,67,735,1,1,38,115,128,39,57
106,5,233,116,67,735,1,1,38,115,128,39,57
107,5,233,116,67,735,1,1,38,115,128,39,57
108,5,148,115,66,736,1,1,38,115,128,39,57
109,5,233,116,67,735,1,1168,38,115,128,39,57
110,5,233,116,67,735,1,1,38,115,128,39,57
111,5,233,116,67,735,1,6,38,115,128,39,57
112,5,233,116,3096,735,1,1,2166,115,128,39,57
113,5,148,115,66,735,1,1,38,115,128,39,57
114,5,233,116,67,735,1,1,38,12371,1876,39,57
115,5,233,116,68,735,1,1,38,115,128,39,57
116,5,233,117,69,735,1,1,38,116,129,676,58
117,5,233,117,69,735,1,1,38,116,129,39,58
118,5,148,115,66,735,1,1,38,115,128,39,57
119,5,233,117,69,735,1,1,38,116,129,39,58
120,5,233,116,6809,735,1,1,1840,303,128,508,57
121,5,233,116,68,735,1,1,38,115,128,39,57
122,5,1283,116,68,735,1,1,38,115,128,39,57
123,5,233,117,69,735,1,1,38,116,129,39,58
125,5,233,117,69,735,1,1,38,116,129,39,58
126,5,233,116,67,735,1,1,38,115,128,686,57
127,5,233,116,68,735,1,1,165,1798,128,39,57
128,5,149,115,67,735,1,1,38,115,128,39,57
129,5,148,115,66,735,1,1194,38,115,128,39,57
130,5,233,116,464,735,1,1,373,115,128,39,57
131,5,233,117,69,735,1,1,38,116,129,39,58
132,5,233,117,69,735,1,1,38,116,129,39,58
133,5,148,115,66,735,1,1,38,115,128,39,57
134,5,233,116,67,735,1,1,38,115,128,39,57
135,5,233,116,67,735,2,1,38,115,128,39,57
136,5,233,116,67,735,1,1,38,115,128,691,57
138,5,148,115,66,735,1,1,38,115,128,39,57
139,5,233,116,68,735,1,1,38,115,128,39,57
140,5,233,116,67,735,1,1,38,115,128,39,57
141,5,233,117,69,735,1,1,38,116,129,39,58
142,5,233,117,69,735,1,1,38,116,129,39,58
143,5,149,115,67,735,1,1,38,115,128,39,57
144,8,233,117,68,735,1,1,38,6676,128,39,57
145,5,149,115,67,735,4,1,38,115,128,1192,4291
146,5,246,116,67,735,1,1,38,115,128,39,57
148,5,233,117,69,735,1,1,38,116,129,39,58
149,5,233,116,68,735,1,1,38,115,128,39,57
150,5,233,117,69,735,1,1,38,116,129,39,58
151,5,149,115,67,735,1,1,2001,115,128,39,57
152,5,149,115,67,735,1,1,38,115,128,39,57
153,5,233,116,68,735,1,1,39,115,597,21600,22320
155,5,149,115,67,735,1,1,38,115,128,39,57
156,5,233,118,69,735,1,1,38,116,129,39,58
157,5,233,116,68,735,1,1,38,115,128,456,57
158,5,149,115,67,735,1,1,38,115,128,39,57
159,5,149,429,67,735,1,1,38,115,128,39,57
160,5,148,115,66,735,1,1071,38,115,128,39,57
161,5,148,115,66,735,1,1,38,115,128,39,57
162,5,149,115,67,735,1,1,38,115,128,39,57
163,8649,8685,4475,66,735,1,1,38,5629,128,39,57
164,5,149,115,67,735,1,1,38,119,128,39,57
165,5,148,115,67,735,1,1,38,115,128,39,57
166,5,149,115,67,735,1,1,38,115,128,39,57
167,5,149,115,66,735,1,1,38,115,128,39,57
168,5,148,115,66,5186,1,1,38,115,128,39,57
169,5,148,115,66,735,1,1,10345,9869,128,39,57
170,5,233,116,67,735,1,1,38,115,128,39,57
171,5,148,115,67,735,1,1,38,115,128,39,57
172,5,149,115,67,735,1,1,38,115,128,39,57
175,5,233,117,69,735,1,1,38,116,129,8047,14152
176,5,149,115,67,735,1,1,38,115,128,39,57
177,5,149,115,67,735,1,1,38,115,128,39,57
178,5,148,115,66,735,1,1,38,115,128,39,57
180,5,149,115,72,5002,4209,1,38,115,128,39,13991
181,5,148,115,66,736,1,1,38,115,128,39,57
182,5,149,115,67,735,1,1,38,115,128,39,57
183,5,149,115,67,735,1,1,38,115,128,39,57
184,5,149,115,67,735,1,1307,38,115,128,39,57
185,5,149,115,67,735,1,1,38,115,128,39,57
186,5,149,115,67,735,1,1,38,115,128,39,60
187,5,149,115,67,735,1,1,38,115,128,39,57
188,5,149,115,67,735,1,1,38,115,128,39,57
189,5,233,116,68,735,1,1,38,115,128,39,57
190,5,233,116,68,735,1,1,38,115,128,39,57
191,5,2517,5421,68,735,1,3987,38,115,128,39,57
192,5,149,115,67,735,1,1176,38,115,128,39,57
193,5,233,117,69,735,1,1,38,116,129,39,58
194,5,233,117,70,735,1,1,38,116,129,39,58
196,5,233,117,69,735,1,1,38,116,129,39,58
199,5,233,116,711,735,1,1,38,115,128,39,57
200,5,235,116,68,735,1,1,38,115,128,39,57
202,5,233,116,68,735,1,1,38,115,128,39,57
203,5,233,116,67,735,1,1,2841,115,128,39,57
204,5,148,115,66,735,1,1,38,115,128,39,57
206,5,149,115,67,735,1,1,38,115,128,39,57
207,5,149,115,67,735,1,1,38,115,128,39,57
208,5,149,115,67,735,1,1,38,115,128,39,57
209,5,148,115,66,735,1,1,38,115,128,39,57
210,5,148,115,66,735,1,1,38,115,128,15607,1994
211,5,148,115,66,735,1,1,38,115,128,39,57
212,5,148,115,66,735,1,1,38,115,128,39,57
213,5,149,115,67,735,1,1,38,115,128,39,57
214,5,233,116,68,736,1,1,38,115,128,39,57
215,5,1876,116,68,4748,18491,1,38,115,128,104,57
216,5,148,115,66,735,2,1,38,115,128,39,57
217,5,148,115,67,735,1,1,38,115,128,39,57
218,5,148,115,66,735,1,1,38,115,128,39,57
219,5,149,115,67,735,1,1,38,115,128,39,57
220,5,149,115,67,735,1,1,38,115,128,39,57
221,5,149,115,67,735,1,1,38,115,128,39,57
222,5,233,116,68,735,1,1,38,115,128,39,57
223,5,148,115,66,735,1,1,38,115,128,39,57
224,5,149,115,67,735,1,1,38,115,128,39,15965
225,5,149,115,67,735,1,1,2027,2727,2810,39,57
226,5,148,115,66,735,1,1,38,115,128,39,57
227,5,148,115,66,735,1,1,38,115,128,39,57
228,5,233,116,68,735,1,1,38,115,128,39,57
230,5,8503,115,554,22320,3954,547,38,115,128,39,57
231,5,233,116,3965,735,1,1,38,115,129,39,57
232,5,149,115,67,735,1,1,1959,115,1968,6313,57
233,5,1593,115,67,735,1,1779,38,115,129,873,57
234,5,233,116,68,735,1,1,38,115,129,39,57
235,5,149,115,67,735,1,1,38,115,129,39,57
236,5,148,115,66,735,1,1,38,115,129,39,57
237,5,148,115,66,735,1,1,38,115,129,39,57
238,5,233,116,68,735,1,2,38,115,129,39,57
239,5,233,116,68,735,1,1,38,115,129,39,57
240,5,148,115,66,735,1,1,38,115,129,39,57
242,5,148,115,66,735,1,1,38,115,129,39,57
243,714,233,116,68,735,1,1,38,115,129,39,57
244,5,149,115,67,735,1,1,38,115,129,39,57
245,5,149,115,67,735,1,1,38,115,129,39,57
246,5,149,115,67,735,1,1,38,115,129,75,57
247,5,233,116,68,735,1,1,38,115,129,39,57
248,5,233,116,68,735,1,2100,38,115,832,39,57
249,5,149,115,67,735,1341,1,38,115,129,39,57
250,6,148,115,66,735,1,1,38,115,129,39,57
251,5,149,115,68,735,1,1,38,115,129,39,57
253,5,233,116,67,735,1,1,38,115,129,39,57
254,5,149,115,66,735,1,1,38,115,129,39,57
255,5,149,115,67,735,1,1,38,115,129,39,57
256,5,148,115,66,735,1,1,38,115,129,39,57
257,5,149,115,67,735,1,1,38,115,129,39,57
258,5,149,115,1269,735,1,1,38,115,129,1180,57
260,5,148,115,66,735,1,21104,12088,115,129,39,57
261,5,148,115,66,735,1,1,38,115,129,39,57
262,5,233,116,68,735,1,1,38,115,129,39,57
263,5,149,115,67,735,1,1,38,115,129,39,57
264,5,149,115,67,735,1,1,38,115,129,39,57
265,5,148,115,66,735,1,1,38,115,129,39,57
266,5,149,115,67,735,1,1,38,115,129,39,57
267,5,149,115,67,735,1,1,38,145,129,39,57
268,5,233,116,68,735,1,1,38,115,129,39,57
269,5,148,115,67,735,1,1,38,115,9701,21600,1272
270,5,149,115,67,735,1,1390,38,115,129,39,57
271,5,149,115,67,735,1,1,38,115,129,39,57
274,5,149,115,67,735,1,1,38,115,129,39,57
275,5,149,115,67,735,1,1,38,115,129,39,57
276,5,233,116,1525,735,1,1,374,115,129,39,57
277,5,149,115,67,735,11672,1717,38,115,129,39,57
278,5,149,115,67,735,1,1,38,115,129,39,57
279,5,149,115,67,735,1,1,38,115,129,39,57
280,5,148,115,66,735,1,1,38,115,129,39,57
281,5,148,115,66,735,1,1,38,115,129,39,57
282,5,233,116,68,735,1,1,38,115,129,39,57
283,5,149,115,67,735,1,1,38,115,129,39,57
286,5,149,115,67,735,1,1,38,115,129,39,57
287,5,149,115,67,735,1,1,38,115,129,39,57
288,5,149,115,67,735,1,1,38,115,129,39,57
289,5,148,115,66,735,1,37,19887,15708,129,39,57
290,5,148,115,66,735,1,1,38,115,129,39,57
291,5,149,115,67,735,1,1,38,115,130,39,57
292,5,149,1826,14004,735,1,1,38,115,129,39,57
293,5,148,115,67,735,1,1,38,115,129,39,57
294,5,149,115,67,735,1,1,38,115,129,39,57
295,5,148,115,67,735,1,1,38,115,129,39,57
296,5,148,115,66,735,1,1,38,115,129,39,57
297,5,148,115,66,735,2,1,38,115,129,39,57
298,5,148,115,464,735,2,1,38,115,130,39,57
299,5,149,115,67,735,2,1,38,115,130,39,57
301,5,149,115,67,735,2,1,38,115,130,39,57
302,5,148,115,66,735,2,1,38,115,130,39,57
303,5,149,115,67,735,2,3916,38,115,130,39,57
305,5,149,115,67,735,2,1,38,115,130,39,57
306,5,148,115,66,735,2,1,38,115,130,39,57
307,5,149,115,67,735,2,2127,4956,115,130,39,57
308,5,149,115,67,735,2,1,38,115,130,39,57
310,5,149,115,67,735,2,1,38,115,130,39,57
312,5,149,115,1127,735,2,1,38,115,130,39,57
313,5,148,115,66,735,2,1,38,115,130,8820,57
314,5,148,115,66,735,2,1,38,115,130,39,57
315,5,149,115,67,735,2,1,38,115,130,39,57
317,5,148,117,67,735,2,1,38,115,130,39,57
318,5,149,115,67,735,2,2,38,115,130,39,57
319,4906,2212,1315,135,735,2,2,38,115,130,39,57
320,5,149,115,67,735,2,2,38,115,130,39,57
321,5,148,115,67,735,2,2,38,115,130,39,57
322,5,148,115,66,735,2,2,38,115,130,39,57
323,5,148,115,66,11949,2,2,38,115,130,39,57
324,5,149,115,67,735,2,2,38,115,130,39,57
325,5,149,115,67,735,2,2,38,115,130,39,57
326,5,149,115,67,735,2,2,38,115,130,39,57
327,53,149,115,67,735,2,2,38,115,130,39,57
328,5,148,115,67,735,2,2,38,115,130,39,57
329,5,148,115,67,735,2,2,38,115,130,39,57
330,5,149,115,67,735,2,2,38,115,130,39,57
331,5,148,115,67,735,2,2,38,115,130,39,57
332,5,148,115,67,735,2,2,38,115,130,39,57
333,5,148,115,67,735,2,2,38,115,130,39,57
334,5,148,115,67,735,2,2,38,115,130,39,57
335,5,149,115,67,735,2,2,38,115,130,39,66
336,5,148,115,67,735,2,2,38,115,130,39,57
337,5,148,115,67,735,2,2,1973,115,130,39,57
338,5,149,115,67,735,2,2,38,115,130,39,57
339,5,149,115,67,735,2,2,38,115,130,39,57
340,5,246,115,68,735,2,2,56,115,130,39,57
343,5,149,115,67,735,2,2,38,115,130,39,57
344,5,148,115,67,735,2,2,38,115,130,39,57
345,16252,18448,22320,1749,735,2,2,38,115,130,39,57
347,5,148,115,67,735,2,2,38,115,130,39,57
348,5,148,115,66,735,2,2,38,115,130,39,57
349,5,148,115,67,735,2,2,38,115,130,39,57
350,5,148,115,67,735,2,2,45,115,130,39,57
351,5,148,115,67,735,2,2,38,115,130,39,57
352,5,148,115,67,735,2,2,38,115,130,39,57
353,5,148,115,66,735,2,2,38,115,130,39,57
355,5,148,115,66,5668,2,2,38,115,130,39,57
356,5,148,115,67,735,2,2,38,115,130,39,57
357,5,148,115,66,735,2,2,38,115,130,39,57
358,5,148,115,67,735,2,2,38,115,130,39,57
359,5,148,115,67,735,2,2,38,115,130,39,57
360,5,148,115,67,735,2,2,38,115,130,39,57
362,5,148,115,66,735,2,2,38,115,130,39,57
363,5,148,115,67,735,2,2,38,115,130,39,57
364,5,148,115,66,735,2,2,38,115,130,39,57
365,5,148,115,66,735,2,2,38,115,130,39,57
366,5,148,115,67,735,2,2,38,115,1938,6334,57
367,6,148,115,67,735,2,2,38,115,130,39,57
368,5,148,115,67,735,2,2,38,115,130,39,57
370,6,148,115,67,735,2,2,38,115,130,39,57
371,5,148,115,67,735,2,2,38,115,130,39,57
372,5,148,115,67,735,2,2,38,115,130,39,57
373,5,148,115,66,735,2,2,38,115,130,39,57
375,5,148,115,66,735,3,2,38,115,130,39,57
376,5,148,115,67,735,3,2,38,115,130,39,57
377,5,148,115,67,735,3,2,38,115,130,39,1858
378,5,148,115,67,735,3,2,38,115,130,39,57
379,5,148,115,67,735,3,2,2021,115,130,39,57
380,5,148,115,66,735,3,2,38,115,130,39,57
381,5,148,115,67,735,3,2,38,115,130,39,57
382,6907,5066,115,67,735,3,2,38,115,130,39,57
383,5,148,115,67,735,3,5499,38,115,130,39,57
384,5,148,115,66,735,3,2,38,115,130,39,57
387,5,148,115,66,735,3,2,38,115,130,39,57
388,5,148,115,67,735,3,2,38,115,130,39,57
389,5,148,115,66,735,3,2,38,115,130,39,57
390,5,149,115,67,735,3,2,38,115,130,39,57
392,5,148,115,67,735,3,2,38,115,130,39,57
393,5,148,115,66,735,3,2,38,115,130,39,57
394,5,148,115,66,735,3,2,38,115,130,39,57
395,5,148,115,66,735,3,2,38,115,130,39,57
396,5,148,115,66,735,3,2,38,115,130,39,57
397,5,148,115,67,735,3,5325,38,115,130,39,57
398,5,148,115,66,735,3,2,38,115,130,39,57
399,5,148,115,66,735,3,2,38,115,130,39,57
400,5,148,115,67,735,3,2,43,115,130,39,57
401,5,148,115,66,735,3,2,38,115,130,39,57
402,5,148,115,66,735,3,2,38,115,130,39,57
403,5,148,115,66,735,3,2,38,115,130,39,57
404,5,149,115,67,735,3,2,38,116,130,39,57
405,5,233,116,68,735,3,2,38,116,130,39,57
408,5,149,115,67,735,3,2,38,116,130,39,57
409,5,148,115,66,735,3,2,38,116,130,39,57
410,5,233,116,68,735,3,2,38,116,130,39,57
411,5,149,6482,66,735,3,2,38,116,130,39,57
412,5,148,115,66,735,3,2,38,116,130,39,57
419,5,148,115,66,735,3,2,38,116,130,39,57
420,5,148,115,66,735,3,2,38,462,130,51,57
421,5,148,115,66,735,3,2,38,116,130,39,57
424,5,148,115,66,735,3,2,38,116,130,39,57
425,5,148,115,66,735,3,2,38,116,130,39,57
426,5,148,115,66,735,3,2,38,116,130,39,57
427,5,148,115,66,735,3,2,38,116,130,679,57
428,5,148,115,67,735,3,2,38,116,130,39,57
430,5,148,115,67,735,3,2,38,116,130,39,57
431,5,148,115,67,735,3,2,38,116,130,39,57
432,5,148,115,67,736,3,2,38,116,503,39,57
433,5,148,115,67,736,3,2,38,116,130,39,57
435,5,148,115,67,736,3,2,38,116,130,39,57
436,5,148,115,67,736,3,2,38,116,130,39,57
437,5,148,115,67,736,3,2,38,116,130,39,57
439,5,148,115,67,736,3,2,38,116,130,39,57
440,5,148,115,67,736,3,2,38,116,130,39,57
441,5,148,115,67,736,3,2,38,116,130,39,57
442,5,148,115,67,736,3,2,38,116,130,39,57
443,5,148,115,67,736,3,2,38,116,130,39,57
444,5,148,115,67,736,4,2,38,116,130,39,57
445,5,148,115,67,736,4,2,38,116,130,39,57
446,5,148,115,67,736,4,2,38,116,130,39,57
447,5,148,115,67,736,4,2,38,116,130,39,57
448,5,148,115,67,736,4,2,38,116,130,39,57
449,5,148,115,67,736,4,2,38,116,130,39,57
451,5,148,115,67,736,4,2,38,18925,1117,39,57
452,5,148,115,67,736,4,2,38,379,130,687,57
453,5,148,115,67,736,4,2,38,116,130,39,57
454,5,148,115,67,736,4,2,38,116,130,39,57
455,5,148,115,67,736,4,2,38,2446,11984,39,57
456,5,149,115,68,736,4,2,39,116,131,39,57
457,5,148,115,67,736,4,2,38,116,130,39,57
458,5,148,115,67,736,4,2,38,116,130,39,57
459,5,148,115,67,736,4,2,38,116,130,240,57
460,5,149,115,68,736,4,2,39,116,131,39,57
461,5,148,115,67,736,4,2,38,116,130,39,58
462,273,148,115,67,736,4,2,38,116,130,39,58
463,5,148,115,67,736,4,2,38,116,130,39,58
464,5,148,115,67,736,4,2,38,116,130,39,58
465,5,149,115,68,736,4,2,39,116,131,39,58
466,5,149,115,68,736,4,2,39,116,131,39,58
467,5,149,115,68,736,4,2,39,116,131,39,58
468,5,149,115,68,736,4,2,39,116,131,39,58
469,5,148,115,67,736,4,2,38,116,130,39,58
470,5,150,115,68,736,4,2,39,117,131,39,58
471,5,148,115,67,736,4,2,38,116,130,39,58
472,5,148,115,67,736,4,2,38,116,130,374,58
473,5,148,115,67,736,4,2,38,116,130,39,58
474,5,149,115,68,736,4,2,39,116,131,39,58
475,5,148,115,67,736,4,2,38,116,130,39,58
476,5,148,115,67,736,4,2,38,116,130,39,58
477,5,148,115,67,736,4,2,38,116,130,39,58
478,5,148,115,67,736,4,2,38,116,130,39,58
479,5,149,115,661,736,4,2,39,116,131,39,58
480,5,148,115,67,736,4,2,38,116,130,39,58
481,5,148,115,67,736,4,2,38,116,130,39,58
482,5,148,115,67,736,4,2,12664,21600,22320,21600,22320
483,5,148,115,71,736,4,2,38,116,130,39,58
484,5,148,115,67,736,4,3,38,116,130,39,58
485,5,148,115,67,736,4,2,38,116,130,39,58
486,5,148,115,67,736,4,2,38,116,130,39,58
487,5,148,115,67,736,4,2,38,116,130,39,58
488,5,148,115,67,736,4,2,38,116,130,39,58
489,5,148,115,67,736,4,2,38,116,130,39,58
490,5,148,115,67,736,4,7274,373,1354,4760,39,58
491,5,150,116,68,736,4,2,40,117,131,39,58
492,5,150,116,68,736,4,2,40,117,131,39,58
494,5,150,116,68,736,4,2,40,117,131,39,58
495,5,150,116,68,736,4,2,40,117,131,39,58
496,5,150,116,68,736,4,2,40,117,131,39,58
497,5,150,116,68,736,4,2,40,1432,5259,39,58
498,5,150,116,68,736,4,2,40,117,131,39,58
499,5,148,115,67,736,4,4,38,116,130,39,58
500,5,149,115,68,736,4,2,39,116,131,39,58
501,5,148,115,67,736,4,2,38,116,130,39,58
503,5,150,119,68,736,4,2,45,117,131,39,58
504,5,150,116,68,736,4,2,40,117,131,39,58
505,5,148,115,67,736,4,2,38,116,130,39,58
506,5,148,115,67,736,4,2,38,116,130,39,58
507,5,149,115,68,736,4,2,39,116,131,39,58
508,5,149,115,68,736,4,2,39,116,131,39,58
509,5,150,116,68,736,4,2,40,117,131,39,58
510,5,150,116,68,736,4,2,40,117,131,39,58
511,5,150,116,68,736,4,2,41,117,131,39,58
512,5,148,115,67,736,4,2,38,116,130,39,58
513,5,149,115,68,736,4,2,39,116,131,39,58
514,5,148,115,67,736,4,2,38,116,130,167,58
515,5,148,115,67,736,4,2,38,116,130,39,58
516,5,148,115,67,736,4,2,38,116,130,39,58
517,5,148,115,67,736,4,2,38,116,130,39,59
518,5,148,115,67,736,4,2,38,116,130,228,59
519,5,150,116,68,736,4,2,40,117,131,40,59
520,5,150,116,68,736,4,2,40,117,131,39,59
521,5,148,115,67,736,4,2,38,116,130,39,59
522,5,149,115,68,736,4,2,39,116,131,39,59
523,5,149,115,68,736,4,2,39,116,131,39,59
524,5,158,115,67,736,4,2,38,116,130,39,59
526,5,149,115,68,736,4,2,39,116,131,39,59
527,5,149,7094,19685,5580,4,2,39,116,131,39,59
528,457,1432,115,67,736,4,2,38,116,130,39,59
529,5,148,115,67,736,4,2,38,116,130,39,59
530,5,149,115,68,736,4,2,39,116,131,39,59
531,5,149,115,68,736,4,2,39,116,131,39,59
532,5,149,115,465,736,866,934,39,116,131,39,59
533,5,149,115,68,736,4,2,39,116,131,39,59
534,5,149,115,68,736,4,2,39,116,131,39,59
535,5,149,115,68,736,4,2,39,116,131,39,59
536,5,148,115,67,736,4,2,38,116,130,39,59
537,5,150,116,68,736,4,2,40,117,131,39,59
538,5,148,115,67,736,4,2,38,116,130,39,59
539,5,149,115,68,736,4,2,39,116,131,39,59
540,5,149,115,68,736,4,2,39,116,131,39,59
541,5,149,115,67,736,4,548,38,116,130,39,59
542,5,149,115,68,736,4,2,39,116,131,39,59
543,5,148,115,67,736,4,2,1945,116,130,39,59
544,5,148,115,67,736,4,2,38,116,130,39,59
545,5,148,115,67,736,4,2,38,116,130,39,59
546,5,148,115,67,736,4,2,38,116,130,39,59
547,5,149,115,68,736,4,2,374,116,131,39,59
548,5,148,115,67,736,4,2,38,116,130,39,59
549,5,149,115,68,736,4,2,39,116,131,39,59
550,5,148,115,67,736,4,2,38,116,130,39,59
552,5,149,115,68,736,4,2,39,116,131,39,59
553,5,148,115,67,736,4,2,38,116,130,39,59
554,5,148,115,67,736,4,2,38,116,130,39,59
556,5,149,115,68,736,4,2,39,116,131,39,59
557,5,150,115,68,736,4,2,39,117,131,40,59
558,5,148,115,67,736,4,2,38,116,130,40,59
559,5,148,115,67,736,4,2,38,116,130,40,59
560,6660,6573,115,67,736,4,2,2001,116,130,40,59
561,5,148,115,67,736,4,2,38,116,130,40,59
562,5,148,115,870,736,4,2,38,116,130,40,59
563,5,150,116,68,736,4,2,40,117,131,40,59
565,5,149,115,68,736,4,2,39,116,131,40,59
566,5,149,115,68,736,4,2,39,116,131,40,59
568,5,148,115,67,736,4,2,38,116,130,40,59
569,5,150,116,68,736,4,2,40,117,131,40,59
570,5,148,115,67,736,4,2,38,116,130,40,59
571,5,148,115,67,736,4,2,38,116,130,40,59
572,5,148,115,67,737,4,2,38,116,130,40,59
573,5,148,115,67,736,4,2,38,116,130,40,59
574,5,150,116,68,736,4,2,40,117,131,40,59
576,5,148,115,67,736,4,2,38,116,130,40,59
577,5,150,116,68,736,4,2,40,117,131,40,59
578,5,150,116,68,736,4,2,40,117,131,40,59
579,5,149,115,68,736,4,2,39,116,131,40,59
580,5,148,115,67,736,4,2,38,116,130,40,59
581,5,148,115,67,736,4600,2,38,116,130,40,59
583,5,150,116,126,736,4,2,40,117,131,40,59
584,792,148,115,67,737,4,3,38,116,130,40,59
586,5,148,115,67,736,4,2,38,116,130,40,59
587,5,148,115,67,736,4,2,38,116,130,40,59
588,5,148,115,67,736,4,2,38,116,130,40,59
589,5,148,115,67,736,4,2,38,116,130,40,59
590,5,150,116,68,736,4,2,40,117,131,40,59
591,5,150,116,68,736,4,2,40,117,131,40,59
592,5,148,115,67,736,4,2,38,116,130,40,59
593,5,148,115,67,736,4,2,38,116,130,40,59
594,5,150,116,68,736,4,2,40,117,131,40,59
595,5,149,115,68,736,4,2,39,116,131,40,59
596,5,150,116,68,736,4,2,40,117,131,40,59
597,5,150,116,68,736,4,2,40,117,131,40,59
598,5,149,115,68,736,4,2,39,116,131,40,59
599,5,150,116,68,736,4,2,40,117,131,40,59
600,5,149,115,7427,22320,1154,2,39,116,131,40,59
601,5,149,115,68,736,4,2,39,116,131,40,59
602,5,150,115,68,736,4,2,39,117,131,40,59
603,6,149,115,68,736,4,2,39,116,131,40,59
604,5,150,115,68,736,4,2,39,117,131,40,59
605,5,150,115,68,736,4,2,39,117,131,40,59
606,5,150,116,68,736,4,2,40,117,131,40,59
607,5,149,115,68,736,4,2,39,116,131,40,59
608,5,150,116,68,736,4,2,40,117,131,40,59
609,5,150,115,68,736,4,2,39,117,131,40,59
610,5,150,116,68,736,4,2,40,117,131,40,59
611,5,148,115,67,736,4,2,38,116,130,40,59
612,32,150,115,68,736,336,7728,39,117,131,40,59
613,5,150,115,68,736,4,2,39,117,131,40,59
614,5,148,115,67,736,4,2,38,116,130,40,59
615,5,148,115,67,736,4,2,38,116,130,40,59
616,5,148,115,67,736,4,2,38,116,130,40,59
617,5,148,115,67,736,4,2,38,116,130,40,59
618,5,150,116,68,736,4,2,40,117,131,40,59
619,5,150,116,68,736,4,2,40,117,131,40,59
620,5,150,116,68,736,4,2,40,117,131,40,59
621,5,148,115,67,736,4,2,38,116,130,40,59
622,5,150,115,68,736,4,2,39,117,131,40,59
623,5,150,115,68,736,4,2,39,117,131,40,59
624,5,150,115,68,736,4,2,39,117,131,40,59
625,5,150,115,68,736,4,2,39,117,131,40,59
626,51,150,116,68,736,4,2,40,117,131,40,59
627,5,148,115,67,736,4,2,38,116,130,40,59
628,5,148,115,67,736,4,2,38,116,130,40,59
629,5,150,115,68,736,4,2,39,117,131,40,59
630,5,150,115,68,736,4,2,39,117,131,40,59
631,5,150,115,68,736,4,2,39,117,131,40,59
632,5,150,115,68,736,4,2,39,117,131,40,60
633,5,149,115,68,736,4,2,39,116,131,40,59
634,5,150,116,68,736,4,2,40,117,131,40,59
635,5,150,115,68,736,4,2,39,117,131,40,59
636,5,150,115,68,736,4,2,39,117,131,40,59
637,5,150,115,68,736,4,2,39,117,131,40,59
638,5,152,116,68,737,4,2,40,117,131,40,59
639,5,148,115,67,736,4,2,38,116,130,40,60
640,5,150,115,68,736,4,2,39,117,131,40,60
641,5,152,116,68,736,4,2,40,117,131,40,60
642,5,150,115,68,736,4,2,39,117,131,40,60
643,5,152,116,68,736,4,3,3537,117,131,40,60
644,5,150,115,68,736,4,3,39,117,131,40,60
645,5,150,115,68,736,4,3,39,117,131,40,60
646,5,150,115,3597,736,4,3,39,3162,131,40,60
647,5,150,115,68,737,4,3,39,117,131,40,60
648,5,150,115,5524,22320,21600,4385,39,117,131,40,60
649,5,150,116,68,736,4,3,40,117,131,40,60
650,5,152,116,68,999,4,3,2057,117,131,40,60
651,5,152,116,68,736,4,3,40,117,131,40,60
652,5,152,116,68,736,4,3,40,117,131,40,60
653,5,150,115,68,736,4,3,39,117,131,40,60
654,5,150,116,68,736,4,3,40,117,131,40,60
655,5,150,116,68,736,4,3,40,117,131,40,60
656,5,148,115,67,736,4,3,38,116,130,40,60
657,5,150,116,68,736,4,3,40,117,131,40,60
658,5,150,116,68,736,4,3,40,117,131,40,60
659,5,150,115,68,736,4,3,39,117,131,9145,22320
660,5,152,116,68,736,4,3,40,117,131,40,60
661,5,152,116,68,736,4,3,2040,117,131,40,60
662,5,150,115,68,736,4,3,39,117,131,40,13900
663,5,149,115,68,736,4,3,39,116,131,40,60
664,5,150,116,68,736,4,3,40,117,131,41,60
665,5,148,6023,3176,736,4,3,407,19244,130,40,60
666,5,150,116,68,736,4,211,1261,117,131,40,60
667,5,150,115,68,736,4,3,39,117,131,40,60
668,5,152,116,68,736,4,3,40,117,131,40,60
669,5,152,116,68,736,5,3,40,118,131,40,60
670,5,150,115,68,736,5,3,39,117,131,40,60
671,5,152,116,68,736,5,3,40,117,131,40,60
672,5,150,115,68,736,5,3,39,117,131,9145,22320
673,5,152,116,68,736,5,3,40,117,131,40,60
674,5,152,116,68,736,5,3,40,117,131,40,60
675,5,149,115,68,736,5,3,39,116,131,40,60
676,5,150,115,68,736,5,3,39,117,131,40,60
677,5,148,115,67,736,5,3,38,116,130,40,60
678,5,150,115,68,736,5,3,39,117,131,40,60
679,5,148,115,67,736,5,3,38,116,130,40,60
680,5,150,115,68,736,5,3,39,117,131,40,60
681,5,148,115,67,736,5,3,38,116,130,41,60
682,5,148,115,67,736,5,3,38,116,130,41,60
683,5,149,115,68,736,5,3,39,116,131,41,60
684,5,150,115,68,736,5,3,39,117,131,41,60
685,8,150,116,68,736,5,3,40,117,131,41,60
686,5,148,115,67,736,5,3,38,116,130,41,60
687,5,150,115,68,736,5,3,39,117,131,41,60
688,5,153,115,68,736,5,3,39,117,131,41,60
689,5,148,115,67,736,5,3,38,116,130,41,60
690,5,150,115,68,736,5,3,39,117,131,41,60
691,5,150,115,68,736,5,3,39,117,131,41,60
692,5,148,115,67,736,5,3,38,116,130,41,60
693,5,152,116,68,736,5,4,40,117,131,41,60
694,5,152,116,68,736,5,4,40,117,131,50,60
695,5,152,116,68,736,5,4,40,117,131,41,60
696,5,152,116,68,736,5,4,40,117,131,41,60
697,5,149,115,68,736,5,4,39,116,131,41,60
698,5,149,115,68,736,5,4,39,116,131,41,60
699,5,148,115,67,736,5,4,38,116,130,41,60
700,5,150,115,3129,11235,5,4,39,117,131,41,60
701,5,148,497,67,736,5,4,38,116,130,41,60
702,5,150,115,68,736,5,4,39,117,131,41,60
703,5,148,115,68,736,5,4,38,123,130,41,60
704,5,148,115,67,736,5,4,38,116,130,41,60
706,5,155,115,68,736,5,4,39,117,131,41,60
707,5,150,115,68,736,5,4,39,117,131,41,60
708,5,150,115,68,4532,5,4,39,117,131,41,60
709,5,150,115,68,736,902,985,39,117,131,41,60
710,5,152,116,68,736,5,4,40,117,131,41,60
711,5,152,116,68,736,5,4,40,117,131,41,60
712,5,152,116,68,736,5,4,40,117,131,41,60
713,5,149,115,68,736,5,4,39,116,131,41,60
714,5,152,116,68,736,5,4,40,117,131,41,60
715,5,152,116,68,736,5,4,40,117,131,41,60
716,5,152,116,68,736,5,4,40,117,131,41,60
717,5,152,116,68,736,5,4,40,117,131,41,60
718,5,152,116,68,736,5,4,40,117,133,41,60
719,5,150,116,68,736,5,4,2265,117,131,41,60
720,5,152,116,68,736,5,4,40,117,137,41,60
721,5,152,116,68,736,5,4,40,117,131,41,60
722,5,152,116,68,736,5,4,40,117,131,41,60
723,5,911,116,68,736,5,4,40,117,131,41,60
724,5,152,116,68,736,5,4,40,117,131,41,60
725,5,152,116,479,22320,21600,22320,22320,21600,22320,21600,22320
726,5,152,116,68,736,5,4,40,117,131,41,60
727,5,152,116,68,736,5,4,40,117,131,41,60
728,5,152,116,68,736,5,4,40,117,131,41,60
729,5,152,116,68,736,5,4,40,117,131,41,60
730,5,152,116,68,736,5,4,38,117,131,41,60
731,5,152,116,68,736,5,4,38,117,131,41,60
732,5,152,116,68,736,5,4,38,117,131,41,60
733,5,152,116,68,736,5,4,38,117,131,41,60
734,5,152,116,68,736,5,4,38,117,131,41,60
735,5,149,115,68,736,5,4,39,116,131,41,60
736,5,152,116,68,736,5,4,38,117,131,41,60
737,5,152,116,68,736,5,4,38,117,131,41,60
738,5,152,116,68,736,5,4,38,117,131,19589,60
739,5,152,116,68,736,5,4,2160,117,131,41,60
740,5,152,116,68,736,5,4,38,117,131,41,60
741,5,152,116,68,736,5,4,38,117,131,41,60
742,5,152,116,68,736,5,4,2000,117,1551,41,60
743,5,152,116,68,736,5,4,38,117,131,41,60
744,5,152,116,68,736,5,4,38,117,131,41,60
745,5,152,116,68,736,5,4,38,117,131,41,60
746,5,152,116,68,736,5,4,38,117,131,41,60
747,5,152,116,68,736,5,4,38,117,131,41,60
748,5,152,116,68,736,5,4,38,117,131,41,60
749,5,152,116,68,736,5,4,38,117,131,41,60
750,5,152,116,68,736,5,4,38,117,131,41,60
751,5,152,116,68,736,5,4,38,117,131,41,60
752,5,152,116,68,736,5,4,38,117,131,41,60
753,5,150,116,68,736,5,4,40,117,131,41,60
754,5,152,116,68,736,5,4,40,117,227,5547,60
755,5,152,116,68,736,5,4,40,117,2638,41,60
756,5,152,116,68,736,5,4,38,117,131,41,60
757,5,152,116,1095,736,5,4,40,117,131,41,60
758,5,152,116,68,736,5,4,2023,117,131,41,60
759,5,152,116,68,736,5,4,38,117,131,41,60
760,5,152,116,68,736,5,4,38,117,131,41,60
761,5,152,116,68,737,5,4,40,117,131,41,60
762,5,150,115,9167,737,5,4,39,117,131,41,60
763,5,152,116,68,737,5,4,40,117,131,41,60
764,5,150,115,68,737,5,4,39,117,131,41,60
765,5,152,116,68,737,5,4,40,118,131,41,60
766,5,148,115,67,737,5,4,38,117,130,41,60
767,5,150,115,68,737,5,4,39,118,131,41,60
768,5,152,116,68,737,5,4,40,118,131,41,60
769,5,150,116,68,737,5,4,40,118,131,41,60
770,5,152,116,68,737,5,4,38,118,131,41,60
771,5,150,116,68,737,5,4,40,118,131,43,60
772,5,152,116,68,737,5,4,40,118,131,41,60
773,6,152,116,68,737,5,4,38,118,131,41,60
774,5,152,116,68,737,5,4,38,118,131,41,60
775,5,152,116,68,737,5,4,38,118,131,41,60
776,5,152,116,68,737,5,4,38,118,131,41,60
777,5,152,116,68,737,5,4,38,118,131,41,60
779,5,148,115,67,738,5,4,38,117,130,41,60
780,5,152,116,68,738,5,4,38,118,131,41,60
781,5,152,116,68,738,5,4,40,118,131,41,60
782,5,152,116,68,738,5,4,38,118,131,41,60
783,5,152,116,68,738,5,4,38,118,131,41,60
784,5,152,116,68,738,5,4,38,118,131,41,60
785,313,152,116,211,992,1216,4,188,467,288,354,998
786,5,152,116,68,738,5,4,40,118,131,41,60
787,5,152,116,68,738,5,4,38,118,131,41,60
788,313,152,116,211,861,5,4,38,118,131,41,60
789,314,152,116,211,1130,1215,4,235,344,289,352,569
790,5,152,116,68,738,1215,4,38,118,131,41,60
792,5,159,116,68,738,5,4,38,370,2296,41,60
793,5,152,116,68,738,5,4,38,118,131,41,60
794,5,152,116,69,863,5,4,38,118,131,674,60
795,5,152,116,68,738,15597,22320,22320,3347,131,41,60
796,5,152,116,68,738,5,4,38,118,131,41,60
797,5,152,116,68,738,5,4,38,118,131,41,60
798,5,152,116,68,997,5,4,38,118,131,41,60
799,5,152,116,68,738,5,4,38,118,8127,17083,60
800,5,152,116,68,738,5,4,38,118,131,41,60
801,5,152,116,68,738,5,4,38,118,131,41,60
802,5,152,116,68,738,5,1082,38,118,131,41,60
803,5,152,116,68,738,5,4,38,118,131,41,60
804,5,152,116,68,738,5,4,38,118,131,41,60
806,5,152,116,68,738,5,4,38,118,131,41,60
807,5,152,116,68,738,6,4,38,118,131,41,60
808,5,152,116,68,738,6,4,38,118,131,41,60
809,5,152,116,68,738,6,4,38,118,131,41,60
810,5,152,116,68,738,2493,4,38,118,131,41,60
811,5,152,116,68,738,6,4,38,118,131,41,60
812,5,152,116,68,738,6,4,38,118,131,41,60
813,4089,152,800,68,738,6,4,38,118,131,41,60
814,5,152,116,68,738,6,4,38,118,131,42,595
815,5,152,116,68,738,6,4,38,118,131,42,60
816,5,152,116,68,738,6,4,38,118,131,42,60
817,5,152,116,68,738,6,4,38,118,131,42,60
818,5,152,116,68,739,6,4,38,118,131,42,60
820,5,152,116,68,739,6,4,38,118,131,42,60
821,5,152,116,68,739,6,4,38,118,131,42,60
826,5,152,116,68,740,6,4,38,118,131,42,60
154,274,233,116,68,735,1,1,38,115,128,39,1846
361,274,148,115,66,736,2,2,38,115,130,40,1854
374,274,148,115,66,735,2,2,38,115,130,39,1852
173,279,149,115,67,735,1,1,38,115,128,39,1832
174,2517,3911,116,68,735,2765,1068,38,3785,128,39,57
354,508,233,116,465,735,2,2,38,115,130,39,1824
229,519,149,115,464,735,1,250,373,115,128,39,1707
273,574,149,115,67,735,1,1,38,115,129,39,1736
819,575,154,116,68,739,6,4,38,118,131,42,1740
252,617,149,115,67,735,1,1,38,115,129,39,1707
309,628,149,115,1561,735,2,547,373,115,130,39,1850
341,647,149,115,67,735,2,2,38,115,130,39,1778
27,965,233,116,67,735,1,0,38,115,128,39,57
272,986,149,115,67,735,1,1,38,115,129,39,57
284,986,149,115,67,735,1,1,38,115,129,3349,7060
197,993,233,117,69,735,1,1,38,116,129,39,1840
195,997,233,117,69,735,1,1,38,116,129,39,1831
564,1032,148,115,1563,736,4,557,373,116,130,40,1865
423,1940,148,115,66,735,3,2,38,116,130,39,57
124,2547,233,116,68,735,1,1,38,115,128,39,57
450,5512,148,800,67,736,4,2,38,116,130,39,57
827,21828,8175,116,68,739,6,4,38,118,18870,21600,13575
805,16341,152,116,68,738,5,4,38,118,131,41,60
829,22320,8168,116,68,739,6,4,38,118,131,42,60
830,22320,8144,116,68,739,6,4,38,118,131,42,60
831,22320,8161,116,68,739,6,4,38,118,131,42,60
833,22320,8136,116,68,739,6,4,39,118,131,42,60
832,22320,8097,116,68,739,6,4,38,118,131,42,60
828,22320,8173,116,11246,739,6,471,43,118,131,42,60
201,22320,15419,115,67,735,1,4969,38,115,128,39,57
79,22320,20160,3250,66,735,1,1,38,115,128,39,57
41,22320,20160,3295,68,735,1,0,38,115,128,39,57
386,22320,20160,7598,66,735,3,1162,38,115,130,39,57
311,22320,20160,18495,66,735,2,1,38,115,130,12583,1733
259,22320,20160,22320,11631,735,1,1,38,115,129,39,57
304,22320,20160,22320,17716,20146,21600,22320,22320,21600,22320,21600,22320
300,22320,20160,22320,21600,22320,4792,2101,38,115,130,39,57
551,22320,20160,22320,21600,22320,21600,13412,38,116,130,39,59
836,22320,20160,22320,21600,22320,21600,22320,22320,4076,130,42,60
778,22320,20160,22320,21600,22320,21600,22320,22320,21506,22320,21600,22320
838,22320,20160,22320,21600,22320,21600,22320,22320,21600,7617,42,60
835,22320,20160,22320,21600,22320,21600,22320,22320,21600,12681,42,60
839,22320,20160,22320,21600,22320,21600,22320,22320,21600,22320,21600,13967
